Accuracy: 0.6804718217562254
Precision: 1.0
Recall: 0.6804718217562254
F1 Score: 0.80985805646545
