Accuracy: 0.9260812581913499
Precision: 0.7868596881959911
Recall: 0.9416311300639659
F1 Score: 0.8573161853918951
