Accuracy: 0.8089121887287025
Precision: 1.0
Recall: 0.8089121887287025
F1 Score: 0.8943631357774235
