Accuracy: 0.7241561181434599
Precision: 1.0
Recall: 0.7241561181434599
F1 Score: 0.8400122361578465
